9
MK860943.1_COI_Spodoptera_exigua 0.0000000 0.1503496 0.1531028 0.1503496 0.0660783 0.0000010 0.0833713 0.1393985 0.1393985 
MK860949.1_COI_Mythimna_loreyi   0.1503496 0.0000000 0.0014769 0.0000010 0.1155090 0.1503496 0.1234576 0.1182791 0.1182791 
MK860950.1_COI_Mythimna_loreyi   0.1531028 0.0014769 0.0000000 0.0014769 0.1180154 0.1531028 0.1260714 0.1208544 0.1208544 
MK860952.1_COI_Mythimna_loreyi   0.1503496 0.0000010 0.0014769 0.0000000 0.1155090 0.1503496 0.1234576 0.1182791 0.1182791 
MK860946.1_COI_Spodoptera_cilium 0.0660783 0.1155090 0.1180154 0.1155090 0.0000000 0.0660783 0.0387163 0.1314854 0.1314854 
MK860945.1_COI_Spodoptera_exigua 0.0000010 0.1503496 0.1531028 0.1503496 0.0660783 0.0000000 0.0833713 0.1393985 0.1393985 
Query_sequence                   0.0833713 0.1234576 0.1260714 0.1234576 0.0387163 0.0833713 0.0000000 0.1474331 0.1474331 
MK860947.1_COI_Peridroma_saucia  0.1393985 0.1182791 0.1208544 0.1182791 0.1314854 0.1393985 0.1474331 0.0000000 0.0000010 
MK860948.1_COI_Peridroma_saucia  0.1393985 0.1182791 0.1208544 0.1182791 0.1314854 0.1393985 0.1474331 0.0000010 0.0000000 
